#    s        x        y     Ue/Vinf    Dstar     Theta      Cf       H       H*        P         m          K          tau         Di
   0.00000  1.00000  0.00157  0.86919  0.005094  0.002972  0.001425    1.7141    1.6525  0.00225  0.00443  0.00323
   0.00482  0.99526  0.00240  0.87559  0.004894  0.002888  0.001505    1.6945    1.6583  0.00221  0.00428  0.00321
   0.01076  0.98940  0.00342  0.88586  0.004589  0.002761  0.001644    1.6622    1.6681  0.00217  0.00407  0.00320
   0.01714  0.98311  0.00451  0.89582  0.004321  0.002644  0.001778    1.6347    1.6769  0.00212  0.00387  0.00319
   0.02396  0.97639  0.00566  0.90570  0.004079  0.002533  0.001913    1.6103    1.6850  0.00208  0.00369  0.00317
   0.03122  0.96923  0.00687  0.91528  0.003863  0.002430  0.002043    1.5893    1.6922  0.00204  0.00354  0.00315
   0.03891  0.96165  0.00815  0.92451  0.003669  0.002335  0.002169    1.5711    1.6987  0.00200  0.00339  0.00313
   0.04699  0.95368  0.00947  0.93333  0.003496  0.002247  0.002290    1.5555    1.7044  0.00196  0.00326  0.00311
   0.05543  0.94535  0.01085  0.94172  0.003340  0.002166  0.002404    1.5421    1.7095  0.00192  0.00315  0.00309
   0.06419  0.93671  0.01226  0.94967  0.003200  0.002091  0.002513    1.5307    1.7139  0.00189  0.00304  0.00307
   0.07321  0.92780  0.01370  0.95717  0.003074  0.002021  0.002615    1.5209    1.7178  0.00185  0.00294  0.00304
   0.08247  0.91866  0.01516  0.96426  0.002958  0.001956  0.002712    1.5125    1.7212  0.00182  0.00285  0.00302
   0.09190  0.90934  0.01663  0.97094  0.002853  0.001895  0.002804    1.5053    1.7242  0.00179  0.00277  0.00299
   0.10148  0.89988  0.01812  0.97725  0.002756  0.001839  0.002891    1.4991    1.7268  0.00176  0.00269  0.00296
   0.11118  0.89029  0.01960  0.98322  0.002667  0.001785  0.002973    1.4938    1.7291  0.00173  0.00262  0.00293
   0.12097  0.88062  0.02108  0.98888  0.002584  0.001735  0.003052    1.4891    1.7312  0.00170  0.00255  0.00290
   0.13082  0.87087  0.02255  0.99425  0.002505  0.001687  0.003127    1.4851    1.7331  0.00167  0.00249  0.00287
   0.14073  0.86107  0.02402  0.99937  0.002432  0.001642  0.003200    1.4816    1.7348  0.00164  0.00243  0.00284
   0.15069  0.85123  0.02548  1.00427  0.002362  0.001598  0.003269    1.4784    1.7363  0.00161  0.00237  0.00281
   0.16067  0.84135  0.02692  1.00895  0.002296  0.001556  0.003337    1.4757    1.7377  0.00158  0.00232  0.00278
   0.17068  0.83144  0.02835  1.01345  0.002233  0.001516  0.003403    1.4732    1.7390  0.00156  0.00226  0.00274
   0.18070  0.82152  0.02977  1.01779  0.002173  0.001477  0.003468    1.4710    1.7402  0.00153  0.00221  0.00271
   0.19074  0.81158  0.03117  1.02197  0.002115  0.001439  0.003531    1.4691    1.7413  0.00150  0.00216  0.00268
   0.20079  0.80163  0.03256  1.02602  0.002058  0.001403  0.003593    1.4673    1.7423  0.00148  0.00211  0.00264
   0.21084  0.79167  0.03394  1.02995  0.002004  0.001367  0.003655    1.4656    1.7433  0.00145  0.00206  0.00260
   0.22090  0.78170  0.03529  1.03377  0.001951  0.001333  0.003716    1.4641    1.7443  0.00142  0.00202  0.00257
   0.23097  0.77173  0.03664  1.03750  0.001899  0.001299  0.003778    1.4627    1.7452  0.00140  0.00197  0.00253
   0.24103  0.76175  0.03796  1.04113  0.001849  0.001265  0.003839    1.4613    1.7461  0.00137  0.00193  0.00249
   0.25110  0.75177  0.03927  1.04468  0.001800  0.001233  0.003900    1.4601    1.7470  0.00135  0.00188  0.00246
   0.26116  0.74179  0.04057  1.04816  0.001752  0.001201  0.003962    1.4588    1.7479  0.00132  0.00184  0.00242
   0.27123  0.73181  0.04184  1.05157  0.001704  0.001169  0.004025    1.4576    1.7488  0.00129  0.00179  0.00238
   0.28129  0.72182  0.04310  1.05492  0.001657  0.001138  0.004089    1.4565    1.7497  0.00127  0.00175  0.00234
   0.29135  0.71184  0.04435  1.05822  0.001611  0.001107  0.004154    1.4553    1.7506  0.00124  0.00171  0.00230
   0.30140  0.70186  0.04557  1.06146  0.001566  0.001077  0.004219    1.4541    1.7515  0.00121  0.00166  0.00226
   0.31146  0.69188  0.04678  1.06466  0.001521  0.001047  0.004287    1.4530    1.7525  0.00119  0.00162  0.00221
   0.32150  0.68190  0.04797  1.06781  0.001477  0.001017  0.004355    1.4518    1.7534  0.00116  0.00158  0.00217
   0.33155  0.67193  0.04914  1.07092  0.001433  0.000988  0.004425    1.4507    1.7544  0.00113  0.00154  0.00213
   0.34158  0.66196  0.05030  1.07399  0.001390  0.000959  0.004497    1.4496    1.7554  0.00111  0.00149  0.00209
   0.35161  0.65199  0.05143  1.07702  0.001348  0.000930  0.004570    1.4486    1.7564  0.00108  0.00145  0.00204
   0.36164  0.64203  0.05255  1.08001  0.001305  0.000902  0.004644    1.4477    1.7573  0.00105  0.00141  0.00200
   0.37165  0.63207  0.05364  1.08295  0.001264  0.000873  0.004719    1.4470    1.7582  0.00102  0.00137  0.00195
   0.38166  0.62212  0.05472  1.08586  0.001223  0.000845  0.004793    1.4466    1.7591  0.00100  0.00133  0.00190
   0.39166  0.61218  0.05578  1.08871  0.001182  0.000817  0.004866    1.4467    1.7597  0.00097  0.00129  0.00186
   0.40165  0.60224  0.05681  1.09152  0.001143  0.000789  0.004936    1.4475    1.7602  0.00094  0.00125  0.00181
   0.41163  0.59231  0.05783  1.09427  0.001104  0.000762  0.004999    1.4492    1.7603  0.00091  0.00121  0.00176
   0.42160  0.58239  0.05882  1.09695  0.001067  0.000735  0.005052    1.4525    1.7599  0.00088  0.00117  0.00171
   0.43156  0.57248  0.05979  1.09956  0.001032  0.000708  0.005088    1.4580    1.7587  0.00086  0.00113  0.00165
   0.44151  0.56258  0.06073  1.10207  0.001000  0.000681  0.005097    1.4668    1.7563  0.00083  0.00110  0.00160
   0.45145  0.55268  0.06166  1.10449  0.000971  0.000656  0.005065    1.4806    1.7523  0.00080  0.00107  0.00155
   0.46137  0.54280  0.06256  1.10681  0.000947  0.000631  0.004970    1.5020    1.7457  0.00077  0.00105  0.00149
   0.47128  0.53293  0.06343  1.10904  0.000931  0.000607  0.004781    1.5353    1.7353  0.00075  0.00103  0.00144
   0.48117  0.52307  0.06428  1.11128  0.000927  0.000584  0.004458    1.5876    1.7195  0.00072  0.00103  0.00138
   0.49105  0.51323  0.06511  1.11381  0.000939  0.000562  0.003953    1.6705    1.6962  0.00070  0.00105  0.00132
   0.50092  0.50340  0.06591  1.11728  0.000976  0.000542  0.003238    1.8023    1.6635  0.00068  0.00109  0.00126
   0.51077  0.49358  0.06668  1.12290  0.001044  0.000520  0.002363    2.0063    1.6222  0.00066  0.00117  0.00119
   0.52060  0.48378  0.06742  1.13147  0.001139  0.000497  0.001512    2.2915    1.5798  0.00064  0.00129  0.00114
   0.53041  0.47399  0.06813  1.14101  0.001234  0.000474  0.001010    2.6045    1.5483  0.00062  0.00141  0.00109
   0.54020  0.46422  0.06882  1.14766  0.001297  0.000458  0.000727    2.8322    1.5563  0.00060  0.00149  0.00108
   0.54998  0.45447  0.06947  1.14826  0.001309  0.000454  0.000673    2.8817    1.5533  0.00060  0.00150  0.00107
   0.55973  0.44473  0.07009  1.14977  0.001303  0.000449  0.000655    2.9039    1.5520  0.00059  0.00150  0.00106
   0.56947  0.43502  0.07068  1.15174  0.001289  0.000443  0.000656    2.9118    1.5515  0.00059  0.00148  0.00105
   0.57918  0.42532  0.07124  1.15396  0.001270  0.000436  0.000668    2.9113    1.5515  0.00058  0.00147  0.00104
   0.58886  0.41565  0.07176  1.15635  0.001247  0.000429  0.000687    2.9056    1.5519  0.00057  0.00144  0.00103
   0.59852  0.40600  0.07225  1.15885  0.001223  0.000422  0.000711    2.8966    1.5524  0.00057  0.00142  0.00102
   0.60816  0.39637  0.07270  1.16143  0.001198  0.000415  0.000740    2.8854    1.5530  0.00056  0.00139  0.00101
   0.61777  0.38677  0.07312  1.16406  0.001172  0.000408  0.000772    2.8728    1.5538  0.00055  0.00136  0.00100
   0.62735  0.37720  0.07350  1.16672  0.001145  0.000401  0.000806    2.8593    1.5546  0.00055  0.00134  0.00099
   0.63691  0.36765  0.07384  1.16941  0.001119  0.000393  0.000844    2.8453    1.5555  0.00054  0.00131  0.00098
   0.64643  0.35813  0.07413  1.17211  0.001093  0.000386  0.000883    2.8311    1.5564  0.00053  0.00128  0.00097
   0.65592  0.34864  0.07439  1.17481  0.001066  0.000379  0.000925    2.8168    1.5574  0.00052  0.00125  0.00096
   0.66538  0.33919  0.07461  1.17750  0.001040  0.000371  0.000968    2.8026    1.5583  0.00051  0.00122  0.00094
   0.67480  0.32977  0.07478  1.18017  0.001015  0.000364  0.001014    2.7885    1.5593  0.00051  0.00120  0.00093
   0.68419  0.32038  0.07491  1.18282  0.000989  0.000356  0.001061    2.7747    1.5603  0.00050  0.00117  0.00092
   0.69353  0.31104  0.07499  1.18544  0.000964  0.000349  0.001111    2.7611    1.5613  0.00049  0.00114  0.00091
   0.70284  0.30174  0.07502  1.18802  0.000939  0.000342  0.001162    2.7478    1.5622  0.00048  0.00112  0.00090
   0.71210  0.29247  0.07501  1.19055  0.000915  0.000335  0.001216    2.7348    1.5632  0.00047  0.00109  0.00088
   0.72131  0.28326  0.07494  1.19304  0.000891  0.000327  0.001271    2.7221    1.5642  0.00047  0.00106  0.00087
   0.73048  0.27410  0.07483  1.19546  0.000867  0.000320  0.001329    2.7097    1.5652  0.00046  0.00104  0.00086
   0.73959  0.26499  0.07466  1.19781  0.000844  0.000313  0.001389    2.6976    1.5661  0.00045  0.00101  0.00084
   0.74864  0.25594  0.07444  1.20009  0.000820  0.000305  0.001452    2.6859    1.5671  0.00044  0.00098  0.00083
   0.75763  0.24695  0.07417  1.20228  0.000798  0.000298  0.001517    2.6745    1.5681  0.00043  0.00096  0.00081
   0.76656  0.23803  0.07384  1.20438  0.000775  0.000291  0.001585    2.6633    1.5690  0.00042  0.00093  0.00080
   0.77541  0.22918  0.07345  1.20638  0.000753  0.000284  0.001655    2.6525    1.5699  0.00041  0.00091  0.00078
   0.78419  0.22042  0.07301  1.20826  0.000731  0.000277  0.001728    2.6420    1.5709  0.00040  0.00088  0.00077
   0.79288  0.21174  0.07250  1.21002  0.000710  0.000270  0.001805    2.6318    1.5718  0.00039  0.00086  0.00075
   0.80148  0.20316  0.07194  1.21164  0.000689  0.000263  0.001885    2.6218    1.5727  0.00039  0.00083  0.00073
   0.80998  0.19468  0.07132  1.21311  0.000668  0.000256  0.001968    2.6122    1.5736  0.00038  0.00081  0.00072
   0.81836  0.18633  0.07064  1.21441  0.000647  0.000249  0.002055    2.6028    1.5744  0.00037  0.00079  0.00070
   0.82662  0.17810  0.06991  1.21554  0.000627  0.000242  0.002145    2.5936    1.5753  0.00036  0.00076  0.00068
   0.83475  0.17001  0.06911  1.21648  0.000607  0.000235  0.002240    2.5848    1.5761  0.00035  0.00074  0.00067
   0.84273  0.16208  0.06826  1.21721  0.000588  0.000228  0.002338    2.5761    1.5770  0.00034  0.00072  0.00065
   0.85054  0.15432  0.06735  1.21772  0.000568  0.000221  0.002441    2.5677    1.5778  0.00033  0.00069  0.00063
   0.85818  0.14674  0.06639  1.21800  0.000550  0.000215  0.002549    2.5595    1.5786  0.00032  0.00067  0.00061
   0.86563  0.13936  0.06538  1.21802  0.000531  0.000208  0.002661    2.5516    1.5794  0.00031  0.00065  0.00059
   0.87287  0.13219  0.06433  1.21778  0.000513  0.000202  0.002777    2.5438    1.5802  0.00030  0.00062  0.00058
   0.87990  0.12526  0.06323  1.21726  0.000496  0.000195  0.002898    2.5362    1.5810  0.00029  0.00060  0.00056
   0.88669  0.11856  0.06210  1.21644  0.000478  0.000189  0.003024    2.5289    1.5818  0.00028  0.00058  0.00054
   0.89324  0.11212  0.06094  1.21533  0.000462  0.000183  0.003155    2.5217    1.5825  0.00027  0.00056  0.00052
   0.89954  0.10593  0.05975  1.21390  0.000446  0.000177  0.003291    2.5147    1.5833  0.00026  0.00054  0.00050
   0.90558  0.10001  0.05854  1.21216  0.000430  0.000171  0.003432    2.5078    1.5840  0.00025  0.00052  0.00048
   0.91137  0.09435  0.05731  1.21009  0.000415  0.000166  0.003577    2.5011    1.5847  0.00024  0.00050  0.00047
   0.91689  0.08897  0.05607  1.20768  0.000400  0.000160  0.003727    2.4945    1.5855  0.00023  0.00048  0.00045
   0.92217  0.08384  0.05482  1.20493  0.000386  0.000155  0.003882    2.4880    1.5862  0.00023  0.00046  0.00043
   0.92719  0.07898  0.05357  1.20183  0.000372  0.000150  0.004041    2.4816    1.5869  0.00022  0.00045  0.00041
   0.93197  0.07437  0.05232  1.19838  0.000359  0.000145  0.004205    2.4753    1.5876  0.00021  0.00043  0.00040
   0.93652  0.06999  0.05108  1.19457  0.000346  0.000140  0.004374    2.4691    1.5883  0.00020  0.00041  0.00038
   0.94084  0.06585  0.04984  1.19038  0.000334  0.000136  0.004548    2.4629    1.5890  0.00019  0.00040  0.00036
   0.94495  0.06193  0.04860  1.18582  0.000322  0.000131  0.004726    2.4568    1.5898  0.00018  0.00038  0.00035
   0.94885  0.05823  0.04738  1.18085  0.000311  0.000127  0.004909    2.4507    1.5905  0.00018  0.00037  0.00033
   0.95257  0.05471  0.04616  1.17548  0.000300  0.000123  0.005097    2.4446    1.5912  0.00017  0.00035  0.00032
   0.95611  0.05139  0.04495  1.16967  0.000289  0.000119  0.005290    2.4386    1.5919  0.00016  0.00034  0.00030
   0.95948  0.04824  0.04376  1.16341  0.000279  0.000115  0.005487    2.4325    1.5926  0.00016  0.00032  0.00029
   0.96269  0.04525  0.04257  1.15668  0.000269  0.000111  0.005690    2.4264    1.5934  0.00015  0.00031  0.00027
   0.96575  0.04242  0.04140  1.14944  0.000260  0.000107  0.005897    2.4204    1.5941  0.00014  0.00030  0.00026
   0.96868  0.03974  0.04023  1.14166  0.000251  0.000104  0.006110    2.4142    1.5949  0.00014  0.00029  0.00025
   0.97148  0.03719  0.03907  1.13332  0.000242  0.000100  0.006327    2.4081    1.5956  0.00013  0.00027  0.00023
   0.97416  0.03476  0.03792  1.12435  0.000233  0.000097  0.006548    2.4019    1.5964  0.00012  0.00026  0.00022
   0.97673  0.03246  0.03678  1.11474  0.000225  0.000094  0.006775    2.3956    1.5972  0.00012  0.00025  0.00021
   0.97920  0.03027  0.03565  1.10441  0.000217  0.000091  0.007005    2.3894    1.5980  0.00011  0.00024  0.00020
   0.98156  0.02819  0.03452  1.09332  0.000209  0.000088  0.007239    2.3830    1.5988  0.00010  0.00023  0.00018
   0.98384  0.02621  0.03340  1.08139  0.000201  0.000085  0.007475    2.3766    1.5997  0.00010  0.00022  0.00017
   0.98603  0.02433  0.03228  1.06857  0.000194  0.000082  0.007713    2.3702    1.6005  0.00009  0.00021  0.00016
   0.98815  0.02253  0.03116  1.05477  0.000187  0.000079  0.007954    2.3636    1.6014  0.00009  0.00020  0.00015
   0.99019  0.02082  0.03005  1.03991  0.000180  0.000076  0.008191    2.3572    1.6023  0.00008  0.00019  0.00014
   0.99216  0.01919  0.02894  1.02390  0.000174  0.000074  0.008430    2.3504    1.6032  0.00008  0.00018  0.00013
   0.99406  0.01764  0.02783  1.00662  0.000167  0.000071  0.008660    2.3439    1.6041  0.00007  0.00017  0.00012
   0.99591  0.01617  0.02672  0.98800  0.000161  0.000069  0.008888    2.3370    1.6050  0.00007  0.00016  0.00011
   0.99770  0.01477  0.02561  0.96788  0.000155  0.000066  0.009101    2.3304    1.6059  0.00006  0.00015  0.00010
   0.99943  0.01344  0.02450  0.94616  0.000149  0.000064  0.009304    2.3235    1.6069  0.00006  0.00014  0.00009
   1.00112  0.01218  0.02338  0.92269  0.000144  0.000062  0.009484    2.3169    1.6078  0.00005  0.00013  0.00008
   1.00275  0.01098  0.02226  0.89734  0.000138  0.000060  0.009645    2.3100    1.6088  0.00005  0.00012  0.00007
   1.00434  0.00985  0.02114  0.86994  0.000133  0.000058  0.009770    2.3034    1.6098  0.00004  0.00012  0.00006
   1.00589  0.00878  0.02002  0.84038  0.000128  0.000056  0.009862    2.2966    1.6108  0.00004  0.00011  0.00005
   1.00741  0.00778  0.01889  0.80848  0.000124  0.000054  0.009905    2.2901    1.6117  0.00004  0.00010  0.00005
   1.00888  0.00684  0.01775  0.77411  0.000119  0.000052  0.009896    2.2835    1.6127  0.00003  0.00009  0.00004
   1.01032  0.00596  0.01661  0.73714  0.000115  0.000050  0.009820    2.2773    1.6136  0.00003  0.00008  0.00003
   1.01173  0.00514  0.01547  0.69747  0.000111  0.000049  0.009673    2.2711    1.6146  0.00002  0.00008  0.00003
   1.01310  0.00438  0.01432  0.65501  0.000107  0.000047  0.009441    2.2653    1.6154  0.00002  0.00007  0.00002
   1.01445  0.00369  0.01317  0.60974  0.000104  0.000046  0.009117    2.2598    1.6163  0.00002  0.00006  0.00002
   1.01577  0.00305  0.01201  0.56166  0.000101  0.000045  0.008694    2.2544    1.6171  0.00001  0.00006  0.00001
   1.01706  0.00248  0.01085  0.51085  0.000098  0.000044  0.008162    2.2498    1.6178  0.00001  0.00005  0.00001
   1.01833  0.00197  0.00969  0.45746  0.000096  0.000043  0.007528    2.2452    1.6186  0.00001  0.00004  0.00001
   1.01957  0.00152  0.00853  0.40167  0.000094  0.000042  0.006781    2.2416    1.6191  0.00001  0.00004  0.00000
   1.02080  0.00113  0.00737  0.34381  0.000092  0.000041  0.005940    2.2379    1.6197  0.00000  0.00003  0.00000
   1.02200  0.00080  0.00622  0.28422  0.000090  0.000040  0.005003    2.2353    1.6201  0.00000  0.00003  0.00000
   1.02318  0.00053  0.00507  0.22335  0.000089  0.000040  0.003993    2.2330    1.6205  0.00000  0.00002  0.00000
   1.02435  0.00031  0.00392  0.16152  0.000088  0.000040  0.002921    2.2312    1.6208  0.00000  0.00001  0.00000
   1.02549  0.00016  0.00278  0.09927  0.000088  0.000039  0.001809    2.2303    1.6209  0.00000  0.00001  0.00000
   1.02662  0.00006  0.00166  0.03721  0.000087  0.000039  0.000682    2.2295    1.6211  0.00000  0.00000  0.00000
   1.02773  0.00001  0.00055 -0.02414  0.000087  0.000039  0.000442    2.2295    1.6211  0.00000 -0.00000 -0.00000
   1.02883  0.00001 -0.00055 -0.08506  0.000087  0.000039  0.001560    2.2294    1.6211  0.00000 -0.00001 -0.00000
   1.02994  0.00006 -0.00166 -0.14630  0.000087  0.000039  0.002675    2.2303    1.6209  0.00000 -0.00001 -0.00000
   1.03107  0.00016 -0.00278 -0.20804  0.000088  0.000039  0.003784    2.2310    1.6208  0.00000 -0.00002 -0.00000
   1.03222  0.00031 -0.00392 -0.26979  0.000089  0.000040  0.004859    2.2329    1.6205  0.00000 -0.00002 -0.00000
   1.03338  0.00053 -0.00507 -0.33088  0.000089  0.000040  0.005886    2.2348    1.6202  0.00000 -0.00003 -0.00000
   1.03457  0.00080 -0.00622 -0.39083  0.000091  0.000041  0.006832    2.2380    1.6197  0.00001 -0.00004 -0.00000
   1.03577  0.00113 -0.00737 -0.44927  0.000092  0.000041  0.007700    2.2410    1.6192  0.00001 -0.00004 -0.00001
   1.03699  0.00152 -0.00853 -0.50579  0.000094  0.000042  0.008457    2.2453    1.6186  0.00001 -0.00005 -0.00001
   1.03824  0.00197 -0.00969 -0.56006  0.000097  0.000043  0.009115    2.2495    1.6179  0.00001 -0.00005 -0.00001
   1.03951  0.00248 -0.01085 -0.61178  0.000099  0.000044  0.009652    2.2547    1.6171  0.00002 -0.00006 -0.00002
   1.04080  0.00305 -0.01201 -0.66078  0.000102  0.000045  0.010084    2.2600    1.6163  0.00002 -0.00007 -0.00002
   1.04212  0.00369 -0.01317 -0.70694  0.000105  0.000046  0.010406    2.2659    1.6154  0.00002 -0.00007 -0.00003
   1.04346  0.00438 -0.01432 -0.75021  0.000109  0.000048  0.010629    2.2721    1.6144  0.00003 -0.00008 -0.00003
   1.04484  0.00514 -0.01547 -0.79059  0.000112  0.000049  0.010762    2.2786    1.6134  0.00003 -0.00009 -0.00004
   1.04625  0.00596 -0.01661 -0.82815  0.000116  0.000051  0.010813    2.2854    1.6124  0.00003 -0.00010 -0.00005
   1.04768  0.00684 -0.01775 -0.86298  0.000121  0.000053  0.010797    2.2922    1.6114  0.00004 -0.00010 -0.00005
   1.04916  0.00778 -0.01889 -0.89520  0.000125  0.000054  0.010718    2.2994    1.6104  0.00004 -0.00011 -0.00006
   1.05067  0.00878 -0.02002 -0.92496  0.000130  0.000056  0.010594    2.3065    1.6093  0.00005 -0.00012 -0.00007
   1.05222  0.00985 -0.02114 -0.95239  0.000135  0.000058  0.010425    2.3139    1.6083  0.00005 -0.00013 -0.00008
   1.05381  0.01098 -0.02226 -0.97768  0.000140  0.000061  0.010229    2.3211    1.6072  0.00006 -0.00014 -0.00009
   1.05545  0.01218 -0.02338 -1.00095  0.000146  0.000063  0.010002    2.3286    1.6062  0.00006 -0.00015 -0.00010
   1.05713  0.01344 -0.02450 -1.02239  0.000152  0.000065  0.009762    2.3358    1.6052  0.00007 -0.00016 -0.00011
   1.05887  0.01477 -0.02561 -1.04210  0.000158  0.000067  0.009502    2.3432    1.6041  0.00007 -0.00016 -0.00012
   1.06066  0.01617 -0.02672 -1.06026  0.000164  0.000070  0.009239    2.3504    1.6032  0.00008 -0.00017 -0.00013
   1.06250  0.01764 -0.02783 -1.07697  0.000170  0.000072  0.008964    2.3578    1.6022  0.00008 -0.00018 -0.00014
   1.06441  0.01919 -0.02894 -1.09238  0.000177  0.000075  0.008691    2.3649    1.6012  0.00009 -0.00019 -0.00016
   1.06638  0.02082 -0.03005 -1.10656  0.000184  0.000078  0.008415    2.3721    1.6003  0.00009 -0.00020 -0.00017
   1.06842  0.02253 -0.03116 -1.11965  0.000191  0.000080  0.008142    2.3791    1.5993  0.00010 -0.00021 -0.00018
   1.07053  0.02433 -0.03228 -1.13170  0.000198  0.000083  0.007870    2.3862    1.5984  0.00011 -0.00022 -0.00019
   1.07272  0.02621 -0.03340 -1.14284  0.000206  0.000086  0.007603    2.3930    1.5975  0.00011 -0.00024 -0.00021
   1.07500  0.02819 -0.03452 -1.15311  0.000214  0.000089  0.007340    2.3999    1.5967  0.00012 -0.00025 -0.00022
   1.07737  0.03027 -0.03565 -1.16259  0.000222  0.000092  0.007083    2.4067    1.5958  0.00012 -0.00026 -0.00023
   1.07983  0.03246 -0.03678 -1.17134  0.000230  0.000095  0.006832    2.4134    1.5950  0.00013 -0.00027 -0.00024
   1.08240  0.03476 -0.03792 -1.17942  0.000239  0.000099  0.006586    2.4202    1.5941  0.00014 -0.00028 -0.00026
   1.08508  0.03719 -0.03907 -1.18688  0.000248  0.000102  0.006348    2.4267    1.5933  0.00014 -0.00029 -0.00027
   1.08788  0.03974 -0.04023 -1.19376  0.000257  0.000106  0.006115    2.4333    1.5925  0.00015 -0.00031 -0.00029
   1.09081  0.04242 -0.04140 -1.20010  0.000266  0.000109  0.005888    2.4399    1.5918  0.00016 -0.00032 -0.00030
   1.09388  0.04525 -0.04257 -1.20593  0.000276  0.000113  0.005669    2.4463    1.5910  0.00016 -0.00033 -0.00031
   1.09709  0.04824 -0.04376 -1.21129  0.000286  0.000117  0.005455    2.4528    1.5902  0.00017 -0.00035 -0.00033
   1.10046  0.05139 -0.04495 -1.21620  0.000297  0.000121  0.005247    2.4593    1.5895  0.00018 -0.00036 -0.00035
   1.10400  0.05471 -0.04616 -1.22068  0.000308  0.000125  0.005046    2.4657    1.5887  0.00019 -0.00038 -0.00036
   1.10771  0.05823 -0.04738 -1.22476  0.000319  0.000129  0.004850    2.4722    1.5880  0.00019 -0.00039 -0.00038
   1.11162  0.06193 -0.04860 -1.22846  0.000331  0.000133  0.004660    2.4787    1.5872  0.00020 -0.00041 -0.00039
   1.11573  0.06585 -0.04984 -1.23178  0.000343  0.000138  0.004476    2.4852    1.5865  0.00021 -0.00042 -0.00041
   1.12005  0.06999 -0.05108 -1.23475  0.000356  0.000143  0.004297    2.4917    1.5858  0.00022 -0.00044 -0.00043
   1.12460  0.07437 -0.05232 -1.23737  0.000369  0.000148  0.004123    2.4984    1.5850  0.00023 -0.00046 -0.00044
   1.12938  0.07898 -0.05357 -1.23965  0.000383  0.000153  0.003955    2.5051    1.5843  0.00023 -0.00047 -0.00046
   1.13440  0.08384 -0.05482 -1.24161  0.000397  0.000158  0.003793    2.5119    1.5836  0.00024 -0.00049 -0.00048
   1.13967  0.08897 -0.05607 -1.24324  0.000411  0.000163  0.003635    2.5188    1.5828  0.00025 -0.00051 -0.00050
   1.14520  0.09435 -0.05731 -1.24456  0.000426  0.000169  0.003482    2.5258    1.5821  0.00026 -0.00053 -0.00051
   1.15098  0.10001 -0.05854 -1.24557  0.000442  0.000175  0.003335    2.5330    1.5813  0.00027 -0.00055 -0.00053
   1.15703  0.10593 -0.05975 -1.24628  0.000458  0.000180  0.003193    2.5403    1.5806  0.00028 -0.00057 -0.00055
   1.16333  0.11212 -0.06094 -1.24670  0.000475  0.000187  0.003056    2.5478    1.5798  0.00029 -0.00059 -0.00057
   1.16988  0.11856 -0.06210 -1.24684  0.000493  0.000193  0.002924    2.5555    1.5790  0.00030 -0.00061 -0.00059
   1.17667  0.12526 -0.06323 -1.24671  0.000510  0.000199  0.002797    2.5635    1.5782  0.00031 -0.00064 -0.00061
   1.18369  0.13219 -0.06433 -1.24632  0.000529  0.000206  0.002675    2.5716    1.5774  0.00032 -0.00066 -0.00063
   1.19093  0.13936 -0.06538 -1.24569  0.000547  0.000212  0.002558    2.5800    1.5766  0.00033 -0.00068 -0.00065
   1.19838  0.14674 -0.06639 -1.24482  0.000566  0.000219  0.002446    2.5886    1.5758  0.00034 -0.00071 -0.00067
   1.20602  0.15432 -0.06735 -1.24373  0.000586  0.000226  0.002338    2.5975    1.5749  0.00035 -0.00073 -0.00068
   1.21384  0.16208 -0.06826 -1.24244  0.000606  0.000232  0.002235    2.6066    1.5741  0.00036 -0.00075 -0.00070
   1.22181  0.17001 -0.06911 -1.24096  0.000626  0.000239  0.002137    2.6160    1.5732  0.00037 -0.00078 -0.00072
   1.22994  0.17810 -0.06991 -1.23930  0.000647  0.000246  0.002042    2.6258    1.5723  0.00038 -0.00080 -0.00074
   1.23820  0.18633 -0.07064 -1.23749  0.000668  0.000254  0.001952    2.6358    1.5714  0.00039 -0.00083 -0.00076
   1.24659  0.19468 -0.07132 -1.23552  0.000690  0.000261  0.001865    2.6461    1.5705  0.00040 -0.00085 -0.00077
   1.25508  0.20316 -0.07194 -1.23342  0.000712  0.000268  0.001782    2.6568    1.5696  0.00041 -0.00088 -0.00079
   1.26368  0.21174 -0.07250 -1.23120  0.000734  0.000275  0.001702    2.6678    1.5686  0.00042 -0.00090 -0.00081
   1.27237  0.22042 -0.07301 -1.22886  0.000756  0.000282  0.001626    2.6791    1.5677  0.00043 -0.00093 -0.00082
   1.28115  0.22918 -0.07345 -1.22643  0.000779  0.000290  0.001553    2.6908    1.5667  0.00044 -0.00096 -0.00084
   1.29001  0.23803 -0.07384 -1.22390  0.000802  0.000297  0.001483    2.7028    1.5657  0.00044 -0.00098 -0.00085
   1.29893  0.24695 -0.07417 -1.22129  0.000826  0.000304  0.001415    2.7152    1.5647  0.00045 -0.00101 -0.00087
   1.30792  0.25594 -0.07444 -1.21862  0.000850  0.000312  0.001351    2.7279    1.5637  0.00046 -0.00104 -0.00088
   1.31698  0.26499 -0.07466 -1.21588  0.000874  0.000319  0.001289    2.7411    1.5627  0.00047 -0.00106 -0.00090
   1.32609  0.27410 -0.07483 -1.21309  0.000899  0.000326  0.001229    2.7545    1.5617  0.00048 -0.00109 -0.00091
   1.33525  0.28326 -0.07494 -1.21025  0.000924  0.000334  0.001172    2.7683    1.5607  0.00049 -0.00112 -0.00092
   1.34447  0.29247 -0.07501 -1.20737  0.000950  0.000341  0.001117    2.7824    1.5597  0.00050 -0.00115 -0.00094
   1.35373  0.30174 -0.07502 -1.20446  0.000975  0.000349  0.001065    2.7968    1.5587  0.00051 -0.00117 -0.00095
   1.36303  0.31104 -0.07499 -1.20154  0.001001  0.000356  0.001014    2.8114    1.5577  0.00051 -0.00120 -0.00096
   1.37238  0.32038 -0.07491 -1.19860  0.001028  0.000364  0.000966    2.8261    1.5567  0.00052 -0.00123 -0.00097
   1.38176  0.32977 -0.07478 -1.19566  0.001054  0.000371  0.000921    2.8409    1.5558  0.00053 -0.00126 -0.00099
   1.39119  0.33919 -0.07461 -1.19272  0.001081  0.000379  0.000878    2.8554    1.5549  0.00054 -0.00129 -0.00100
   1.40064  0.34864 -0.07439 -1.18981  0.001108  0.000386  0.000838    2.8696    1.5540  0.00055 -0.00132 -0.00101
   1.41013  0.35813 -0.07413 -1.18693  0.001134  0.000393  0.000802    2.8829    1.5532  0.00055 -0.00135 -0.00102
   1.41966  0.36765 -0.07384 -1.18411  0.001160  0.000401  0.000769    2.8949    1.5525  0.00056 -0.00137 -0.00103
   1.42921  0.37720 -0.07350 -1.18137  0.001184  0.000408  0.000740    2.9047    1.5519  0.00057 -0.00140 -0.00104
   1.43879  0.38677 -0.07312 -1.17875  0.001207  0.000415  0.000718    2.9110    1.5515  0.00058 -0.00142 -0.00105
   1.44840  0.39637 -0.07270 -1.17631  0.001227  0.000421  0.000704    2.9119    1.5515  0.00058 -0.00144 -0.00106
   1.45804  0.40600 -0.07225 -1.17416  0.001242  0.000428  0.000702    2.9039    1.5520  0.00059 -0.00146 -0.00107
   1.46770  0.41565 -0.07176 -1.17251  0.001248  0.000433  0.000722    2.8803    1.5533  0.00060 -0.00146 -0.00108
   1.47739  0.42532 -0.07124 -1.17174  0.001235  0.000437  0.000789    2.8235    1.5341  0.00060 -0.00145 -0.00108
   1.48710  0.43502 -0.07068 -1.16372  0.001166  0.000455  0.001143    2.5630    1.5527  0.00062 -0.00136 -0.00111
   1.49683  0.44473 -0.07009 -1.15347  0.001069  0.000478  0.001740    2.2353    1.5880  0.00064 -0.00123 -0.00117
   1.50659  0.45447 -0.06947 -1.14491  0.000980  0.000501  0.002696    1.9542    1.6328  0.00066 -0.00112 -0.00123
   1.51636  0.46422 -0.06882 -1.13956  0.000921  0.000522  0.003620    1.7623    1.6738  0.00068 -0.00105 -0.00129
   1.52615  0.47399 -0.06813 -1.13620  0.000892  0.000543  0.004334    1.6419    1.7048  0.00070 -0.00101 -0.00136
   1.53597  0.48378 -0.06742 -1.13361  0.000886  0.000565  0.004814    1.5678    1.7262  0.00073 -0.00100 -0.00142
   1.54580  0.49358 -0.06668 -1.13121  0.000896  0.000589  0.005105    1.5217    1.7402  0.00075 -0.00101 -0.00148
   1.55565  0.50340 -0.06591 -1.12877  0.000915  0.000613  0.005263    1.4928    1.7491  0.00078 -0.00103 -0.00154
   1.56551  0.51323 -0.06511 -1.12622  0.000942  0.000639  0.005331    1.4746    1.7546  0.00081 -0.00106 -0.00160
   1.57539  0.52307 -0.06428 -1.12357  0.000973  0.000665  0.005340    1.4631    1.7578  0.00084 -0.00109 -0.00166
   1.58529  0.53293 -0.06343 -1.12082  0.001007  0.000691  0.005311    1.4560    1.7595  0.00087 -0.00113 -0.00171
   1.59519  0.54280 -0.06256 -1.11799  0.001043  0.000718  0.005260    1.4518    1.7602  0.00090 -0.00117 -0.00177
   1.60512  0.55268 -0.06166 -1.11509  0.001081  0.000746  0.005193    1.4495    1.7603  0.00093 -0.00121 -0.00182
   1.61505  0.56258 -0.06073 -1.11213  0.001120  0.000773  0.005119    1.4484    1.7599  0.00096 -0.00125 -0.00187
   1.62500  0.57248 -0.05979 -1.10912  0.001160  0.000801  0.005040    1.4481    1.7592  0.00099 -0.00129 -0.00192
   1.63496  0.58239 -0.05882 -1.10607  0.001201  0.000829  0.004959    1.4484    1.7584  0.00101 -0.00133 -0.00197
   1.64493  0.59231 -0.05783 -1.10298  0.001243  0.000858  0.004878    1.4490    1.7575  0.00104 -0.00137 -0.00202
   1.65491  0.60224 -0.05681 -1.09986  0.001284  0.000886  0.004798    1.4498    1.7565  0.00107 -0.00141 -0.00207
   1.66490  0.61218 -0.05578 -1.09671  0.001327  0.000915  0.004720    1.4508    1.7555  0.00110 -0.00146 -0.00212
   1.67490  0.62212 -0.05472 -1.09353  0.001370  0.000943  0.004643    1.4518    1.7545  0.00113 -0.00150 -0.00216
   1.68491  0.63207 -0.05364 -1.09033  0.001413  0.000972  0.004568    1.4529    1.7535  0.00116 -0.00154 -0.00221
   1.69493  0.64203 -0.05255 -1.08710  0.001456  0.001002  0.004495    1.4539    1.7526  0.00118 -0.00158 -0.00226
   1.70495  0.65199 -0.05143 -1.08384  0.001500  0.001031  0.004424    1.4549    1.7517  0.00121 -0.00163 -0.00230
   1.71498  0.66196 -0.05030 -1.08055  0.001545  0.001061  0.004355    1.4560    1.7508  0.00124 -0.00167 -0.00234
   1.72502  0.67193 -0.04914 -1.07723  0.001590  0.001091  0.004288    1.4569    1.7499  0.00127 -0.00171 -0.00239
   1.73506  0.68190 -0.04797 -1.07387  0.001635  0.001121  0.004223    1.4579    1.7491  0.00129 -0.00176 -0.00243
   1.74511  0.69188 -0.04678 -1.07048  0.001681  0.001152  0.004158    1.4589    1.7483  0.00132 -0.00180 -0.00247
   1.75516  0.70186 -0.04557 -1.06706  0.001727  0.001183  0.004096    1.4598    1.7475  0.00135 -0.00184 -0.00251
   1.76522  0.71184 -0.04435 -1.06358  0.001775  0.001215  0.004034    1.4608    1.7467  0.00137 -0.00189 -0.00255
   1.77528  0.72182 -0.04310 -1.06006  0.001823  0.001247  0.003973    1.4618    1.7459  0.00140 -0.00193 -0.00259
   1.78534  0.73181 -0.04184 -1.05649  0.001871  0.001279  0.003913    1.4628    1.7451  0.00143 -0.00198 -0.00263
   1.79540  0.74179 -0.04057 -1.05286  0.001921  0.001312  0.003853    1.4638    1.7443  0.00145 -0.00202 -0.00267
   1.80547  0.75177 -0.03927 -1.04917  0.001972  0.001346  0.003794    1.4649    1.7435  0.00148 -0.00207 -0.00271
   1.81553  0.76175 -0.03796 -1.04540  0.002023  0.001380  0.003735    1.4661    1.7427  0.00151 -0.00212 -0.00275
   1.82560  0.77173 -0.03664 -1.04155  0.002076  0.001415  0.003676    1.4673    1.7419  0.00154 -0.00216 -0.00279
   1.83566  0.78170 -0.03529 -1.03762  0.002131  0.001451  0.003617    1.4687    1.7410  0.00156 -0.00221 -0.00282
   1.84572  0.79167 -0.03394 -1.03358  0.002187  0.001488  0.003557    1.4702    1.7401  0.00159 -0.00226 -0.00286
   1.85578  0.80163 -0.03256 -1.02944  0.002245  0.001525  0.003496    1.4719    1.7391  0.00162 -0.00231 -0.00289
   1.86582  0.81158 -0.03117 -1.02517  0.002305  0.001564  0.003435    1.4737    1.7381  0.00164 -0.00236 -0.00293
   1.87586  0.82152 -0.02977 -1.02077  0.002367  0.001604  0.003373    1.4758    1.7370  0.00167 -0.00242 -0.00296
   1.88589  0.83144 -0.02835 -1.01621  0.002432  0.001645  0.003309    1.4781    1.7358  0.00170 -0.00247 -0.00300
   1.89589  0.84135 -0.02692 -1.01149  0.002500  0.001688  0.003243    1.4808    1.7345  0.00173 -0.00253 -0.00303
   1.90588  0.85123 -0.02548 -1.00657  0.002572  0.001733  0.003175    1.4837    1.7330  0.00176 -0.00259 -0.00306
   1.91583  0.86107 -0.02402 -1.00145  0.002647  0.001780  0.003105    1.4871    1.7314  0.00179 -0.00265 -0.00310
   1.92574  0.87087 -0.02255 -0.99610  0.002727  0.001829  0.003033    1.4910    1.7297  0.00181 -0.00272 -0.00313
   1.93560  0.88062 -0.02108 -0.99048  0.002812  0.001881  0.002957    1.4954    1.7277  0.00184 -0.00279 -0.00316
   1.94539  0.89029 -0.01960 -0.98458  0.002904  0.001935  0.002878    1.5005    1.7255  0.00188 -0.00286 -0.00319
   1.95508  0.89988 -0.01812 -0.97836  0.003002  0.001993  0.002794    1.5064    1.7230  0.00191 -0.00294 -0.00322
   1.96466  0.90934 -0.01663 -0.97180  0.003109  0.002055  0.002706    1.5132    1.7202  0.00194 -0.00302 -0.00324
   1.97410  0.91866 -0.01516 -0.96487  0.003225  0.002120  0.002614    1.5211    1.7170  0.00197 -0.00311 -0.00327
   1.98335  0.92780 -0.01370 -0.95755  0.003353  0.002191  0.002516    1.5302    1.7133  0.00201 -0.00321 -0.00330
   1.99238  0.93671 -0.01226 -0.94980  0.003494  0.002267  0.002412    1.5409    1.7092  0.00205 -0.00332 -0.00332
   2.00113  0.94535 -0.01085 -0.94164  0.003650  0.002350  0.002303    1.5534    1.7045  0.00208 -0.00344 -0.00334
   2.00957  0.95368 -0.00947 -0.93306  0.003823  0.002439  0.002188    1.5679    1.6991  0.00212 -0.00357 -0.00337
   2.01765  0.96165 -0.00815 -0.92408  0.004016  0.002534  0.002068    1.5847    1.6931  0.00216 -0.00371 -0.00339
   2.02534  0.96923 -0.00687 -0.91475  0.004232  0.002638  0.001943    1.6041    1.6864  0.00221 -0.00387 -0.00340
   2.03260  0.97639 -0.00566 -0.90514  0.004471  0.002749  0.001815    1.6265    1.6788  0.00225 -0.00405 -0.00342
   2.03942  0.98311 -0.00451 -0.89533  0.004738  0.002868  0.001684    1.6522    1.6706  0.00230 -0.00424 -0.00344
   2.04580  0.98940 -0.00342 -0.88552  0.005030  0.002993  0.001554    1.6809    1.6617  0.00235 -0.00445 -0.00345
   2.05175  0.99526 -0.00240 -0.87554  0.005359  0.003126  0.001422    1.7141    1.6518  0.00240 -0.00469 -0.00347
   2.05656  1.00000 -0.00157 -0.86919  0.005581  0.003217  0.001344    1.7349    1.6459  0.00243 -0.00485 -0.00348
   2.05656  1.00010  0.00000  0.86919  0.013778  0.006189  0.000000    2.2262
   2.06138  1.00492 -0.00000  0.85235  0.013117  0.006705  0.000000    1.9564
   2.06664  1.01018 -0.00000  0.85257  0.012212  0.006698  0.000000    1.8233
   2.07239  1.01592 -0.00000  0.86066  0.011345  0.006462  0.000000    1.7556
   2.07867  1.02220 -0.00001  0.86889  0.010575  0.006237  0.000000    1.6955
   2.08552  1.02906 -0.00001  0.87714  0.009892  0.006025  0.000000    1.6418
   2.09302  1.03655 -0.00002  0.88529  0.009286  0.005827  0.000000    1.5937
   2.10120  1.04474 -0.00002  0.89323  0.008749  0.005644  0.000000    1.5503
   2.11014  1.05368 -0.00003  0.90087  0.008275  0.005476  0.000000    1.5110
   2.11991  1.06344 -0.00004  0.90816  0.007854  0.005324  0.000000    1.4750
   2.13058  1.07411 -0.00005  0.91505  0.007479  0.005187  0.000000    1.4419
   2.14223  1.08577 -0.00007  0.92152  0.007146  0.005063  0.000000    1.4113
   2.15497  1.09850 -0.00008  0.92759  0.006847  0.004952  0.000000    1.3827
   2.16888  1.11241 -0.00010  0.93326  0.006577  0.004851  0.000000    1.3559
   2.18407  1.12761 -0.00012  0.93855  0.006334  0.004760  0.000000    1.3306
   2.20067  1.14420 -0.00015  0.94349  0.006113  0.004678  0.000000    1.3067
   2.21880  1.16234 -0.00018  0.94810  0.005911  0.004603  0.000000    1.2841
   2.23861  1.18214 -0.00021  0.95240  0.005727  0.004536  0.000000    1.2626
   2.26025  1.20378 -0.00025  0.95640  0.005558  0.004474  0.000000    1.2422
   2.28389  1.22742 -0.00030  0.96014  0.005403  0.004418  0.000000    1.2228
   2.30971  1.25324 -0.00035  0.96363  0.005260  0.004367  0.000000    1.2044
   2.33792  1.28145 -0.00041  0.96687  0.005129  0.004320  0.000000    1.1871
   2.36873  1.31227 -0.00047  0.96989  0.005009  0.004278  0.000000    1.1708
   2.40240  1.34593 -0.00055  0.97270  0.004898  0.004239  0.000000    1.1556
   2.43917  1.38270 -0.00064  0.97530  0.004798  0.004203  0.000000    1.1414
   2.47934  1.42288 -0.00074  0.97771  0.004706  0.004171  0.000000    1.1282
   2.52323  1.46676 -0.00086  0.97993  0.004622  0.004142  0.000000    1.1160
   2.57117  1.51470 -0.00099  0.98198  0.004546  0.004115  0.000000    1.1049
   2.62354  1.56707 -0.00113  0.98386  0.004478  0.004090  0.000000    1.0947
   2.68075  1.62428 -0.00130  0.98559  0.004416  0.004068  0.000000    1.0855
   2.74324  1.68677 -0.00149  0.98716  0.004361  0.004048  0.000000    1.0772
   2.81151  1.75505 -0.00170  0.98860  0.004311  0.004030  0.000000    1.0697
   2.88609  1.82963 -0.00194  0.98989  0.004267  0.004014  0.000000    1.0630
   2.96756  1.91110 -0.00221  0.99106  0.004228  0.004000  0.000000    1.0571
   3.05656  2.00010 -0.00251  0.99228  0.004191  0.003985  0.000000    1.0518
